50;1;0.8617279529571533;5334
50;2;0.31157398223876953;2467
50;3;0.3781290054321289;3008
50;4;0.6182169914245605;4772
50;5;0.40978479385375977;3095
60;1;3.9411377906799316;17900
60;2;1.6926851272583008;9509
60;3;0.4753570556640625;4101
60;4;2.534489154815674;15261
60;5;2.1832971572875977;13661
70;1;0.8116030693054199;5000
70;2;5.087064981460571;22742
70;3;9.590710163116455;35789
70;4;2.3981571197509766;12375
70;5;4.64740514755249;22426
80;1;7.794504880905151;32181
80;2;9.494506120681763;39774
80;3;9.794310092926025;39066
80;4;10.620712995529175;45235
80;5;6.458694934844971;28490
90;1;9.828042984008789;36683
90;2;10.19317102432251;36239
90;3;16.155714988708496;51989
90;4;20.38869309425354;60288
90;5;21.186382055282593;77526
100;1;12.16916012763977;49812
100;2;8.507882833480835;34012
100;3;12.260042190551758;44663
100;4;18.80153203010559;53948
100;5;5.08407998085022;23109
110;1;22.032417058944702;68093
110;2;53.89095616340637;131960
110;3;23.74419903755188;71762
110;4;41.96140098571777;105628
110;5;47.28423595428467;126290
120;1;43.183172941207886;105560
120;2;59.14359498023987;122014
120;3;203.7320511341095;388166
120;4;45.359009981155396;129737
120;5;83.97918510437012;197439
130;1;53.305745124816895;116492
130;2;81.31410503387451;173793
130;3;159.0244438648224;309425
130;4;37.7577018737793;106459
130;5;56.7803750038147;129413
140;1;183.40687012672424;321186
140;2;121.93809795379639;212969
140;3;41.91010403633118;104455
140;4;56.50002694129944;137121
140;5;60.63402009010315;143066
150;1;187.17631101608276;348413
150;2;93.42186999320984;186436
150;3;176.84803700447083;302800
