50;1;0.6818840503692627;3861
50;2;0.2873110771179199;2126
50;3;0.3135800361633301;2460
50;4;0.5371630191802979;3957
50;5;0.3203010559082031;2388
60;1;2.3608999252319336;10356
60;2;1.2566709518432617;6522
60;3;0.31683802604675293;2638
60;4;1.2844109535217285;7274
60;5;1.200472116470337;7378
70;1;0.7993249893188477;4518
70;2;3.53485107421875;15640
70;3;5.451358079910278;18654
70;4;1.686009168624878;7834
70;5;3.4419689178466797;14849
80;1;7.002763986587524;27168
80;2;7.125762939453125;27289
80;3;5.085845947265625;18230
80;4;6.882972002029419;26941
80;5;3.8181471824645996;15978
90;1;8.293962001800537;28693
90;2;9.164154052734375;30116
90;3;12.973635911941528;39208
90;4;14.616479873657227;39617
90;5;15.136805057525635;50612
100;1;6.608625888824463;24942
100;2;6.287475109100342;23453
100;3;7.926743984222412;26210
100;4;13.75056004524231;36559
100;5;4.0133819580078125;16709
110;1;15.248952865600586;43199
110;2;37.55077505111694;87509
110;3;20.93677306175232;59619
110;4;28.570587873458862;64633
110;5;29.724102020263672;72408
120;1;34.57870101928711;75374
120;2;41.917809009552;76442
120;3;94.67601895332336;169454
120;4;31.484388828277588;83535
120;5;51.7586350440979;109267
130;1;42.885059118270874;82586
130;2;67.66484308242798;131682
130;3;120.80616402626038;217059
130;4;27.896417140960693;69757
130;5;38.90873408317566;79464
140;1;123.82169699668884;188475
140;2;92.27089095115662;141987
140;3;33.73488092422485;75348
140;4;48.63672685623169;109799
140;5;45.002827882766724;98894
150;1;122.58488392829895;198609
150;2;79.7303957939148;140705
150;3;140.3619568347931;228923
