50;1;0.3432328701019287;6905
50;2;0.5433800220489502;9817
50;3;0.8704681396484375;15641
50;4;0.3533899784088135;6081
50;5;0.2672080993652344;4289
60;1;1.6128389835357666;15420
60;2;0.5899698734283447;6128
60;3;1.9005138874053955;20305
60;4;0.9169080257415771;10692
60;5;1.032728910446167;11035
70;1;3.319287061691284;33356
70;2;4.809174060821533;47513
70;3;5.92716908454895;54596
70;4;4.243965148925781;41822
70;5;0.44720888137817383;6094
80;1;30.258997201919556;185617
80;2;4.131098985671997;30925
80;3;28.79587197303772;193284
80;4;18.221503973007202;184054
80;5;2.3962769508361816;21223
90;1;3.631448984146118;36639
90;2;56.72969698905945;368041
90;3;15.067590951919556;86169
90;4;14.779367923736572;105043
90;5;7.33845591545105;51218
100;1;10.47515606880188;59542
100;2;14.17475700378418;76041
100;3;61.18805503845215;335201
100;4;26.455699920654297;170893
100;5;41.141021966934204;183666
110;1;53.18761897087097;294816
110;2;195.36410307884216;774000
110;3;55.71086406707764;252568
110;4;31.991894006729126;165826
110;5;40.06828594207764;220958
120;1;83.32189106941223;341081
130;1;111.37761497497559;438542
130;2;161.87992310523987;559762
130;3;153.1620180606842;609484
130;4;106.23583912849426;386825
140;1;392.2260081768036;1428510
140;2;200.44171690940857;813388
