50;1;0.27765393257141113;5266
50;2;0.49785709381103516;8771
50;3;0.871006965637207;15641
50;4;0.2680239677429199;4072
50;5;0.2444310188293457;3864
60;1;1.6011340618133545;14628
60;2;0.4481630325317383;4407
60;3;1.7469019889831543;17886
60;4;0.9260687828063965;10692
60;5;0.994818925857544;10250
70;1;2.6182188987731934;25075
70;2;4.523118019104004;43934
70;3;5.366586208343506;47022
70;4;4.098753929138184;37101
70;5;0.48151183128356934;6094
80;1;19.88096284866333;113089
80;2;3.9750611782073975;28570
80;3;19.089294910430908;120547
80;4;14.5986328125;135906
80;5;2.2108399868011475;19598
90;1;3.3647561073303223;32315
90;2;53.38951086997986;339479
90;3;12.816305875778198;71839
90;4;14.158983945846558;98105
90;5;5.707617998123169;35434
100;1;7.031896114349365;37177
100;2;14.227009057998657;73261
100;3;57.63367795944214;310457
100;4;25.80074906349182;160991
100;5;39.94067096710205;169402
110;1;45.631293058395386;230439
110;2;146.19998002052307;562834
110;3;50.12682604789734;225385
110;4;23.093945026397705;110407
110;5;33.751874923706055;186029
120;1;82.25462007522583;335784
120;2;435.829705953598;1421227
120;3;64.41574287414551;233031
130;1;103.60957503318787;395779
130;2;108.47266006469727;353605
130;3;92.3151490688324;308546
130;4;99.83327293395996;338888
130;5;44.80142402648926;155267
140;1;310.0220510959625;1022144
140;2;115.9189932346344;381132
150;1;537.9826331138611;1414560
